acc = 0.9402927580893683
overall_gen_loss = 3.830385767863347
