acc = 0.9399921042242401
overall_gen_loss = 2.7635881363718133
